{
    "camera_angle_x": 0.6194058656692505,
    "frames": [
        {
            "file_path": "./train/r_9",
            "rotation": 0.012566370614359171,
            "transform_matrix": [
                [
                    -0.899284303188324,
                    0.09410770982503891,
                    -0.42712029814720154,
                    -1.7217767238616943
                ],
                [
                    -0.4373648762702942,
                    -0.19349882006645203,
                    0.8782200217247009,
                    3.540217638015747
                ],
                [
                    0.0,
                    0.976576566696167,
                    0.21516987681388855,
                    0.8673774003982544
                ],
                [
                    0.0,
                    0.0,
                    0.0,
                    1.0
                ]
            ]
        },
        {
            "file_path": "./train/r_16",
            "rotation": 0.012566370614359171,
            "transform_matrix": [
                [
                    -0.5017755627632141,
                    0.6826261281967163,
                    -0.5312654972076416,
                    -2.141599416732788
                ],
                [
                    -0.8649981021881104,
                    -0.3959837257862091,
                    0.30818110704421997,
                    1.2423176765441895
                ],
                [
                    0.0,
                    0.6141812205314636,
                    0.7891651391983032,
                    3.1812260150909424
                ],
                [
                    0.0,
                    0.0,
                    0.0,
                    1.0
                ]
            ]
        },
        {
            "file_path": "./train/r_31",
            "rotation": 0.012566370614359171,
            "transform_matrix": [
                [
                    0.6151498556137085,
                    0.11093602329492569,
                    -0.7805665731430054,
                    -3.14656400680542
                ],
                [
                    -0.788410484790802,
                    0.08655679225921631,
                    -0.6090297698974609,
                    -2.4550771713256836
                ],
                [
                    0.0,
                    0.9900511503219604,
                    0.14070849120616913,
                    0.5672140121459961
                ],
                [
                    0.0,
                    0.0,
                    0.0,
                    1.0
                ]
            ]
        },
        {
            "file_path": "./train/r_73",
            "rotation": 0.012566370614359171,
            "transform_matrix": [
                [
                    0.9665830135345459,
                    0.17645148932933807,
                    -0.18596354126930237,
                    -0.7496429681777954
                ],
                [
                    -0.2563543915748596,
                    0.6653094291687012,
                    -0.7011746168136597,
                    -2.8265249729156494
                ],
                [
                    -7.450582373280668e-09,
                    0.725415825843811,
                    0.6883108615875244,
                    2.774669647216797
                ],
                [
                    0.0,
                    0.0,
                    0.0,
                    1.0
                ]
            ]
        },
    ]
}
