{
    "camera_angle_x": 0.6194058656692505,
    "frames": [
        {
            "file_path": "./train/r_5",
            "rotation": 0.012566370614359171,
            "transform_matrix": [
                [
                    -0.08179007470607758,
                    -0.9763725399971008,
                    0.20001797378063202,
                    0.806298017501831
                ],
                [
                    0.9966498017311096,
                    -0.08012602478265762,
                    0.016414476558566093,
                    0.06616885960102081
                ],
                [
                    1.862645593320167e-09,
                    0.20069023966789246,
                    0.9796549081802368,
                    3.9491143226623535
                ],
                [
                    0.0,
                    0.0,
                    0.0,
                    1.0
                ]
            ]
        },
        {
            "file_path": "./train/r_8",
            "rotation": 0.012566370614359171,
            "transform_matrix": [
                [
                    -0.2798376679420471,
                    0.319762647151947,
                    -0.9052308797836304,
                    -3.649101972579956
                ],
                [
                    -0.9600474834442139,
                    -0.09320541471242905,
                    0.2638595402240753,
                    1.06365168094635
                ],
                [
                    7.450582373280668e-09,
                    0.9429023265838623,
                    0.33306965231895447,
                    1.342646598815918
                ],
                [
                    0.0,
                    0.0,
                    0.0,
                    1.0
                ]
            ]
        },
        {
            "file_path": "./train/r_14",
            "rotation": 0.012566370614359171,
            "transform_matrix": [
                [
                    -0.9741113185882568,
                    -0.07121199369430542,
                    0.21456089615821838,
                    0.8649224042892456
                ],
                [
                    0.22606973350048065,
                    -0.30684515833854675,
                    0.9245209097862244,
                    3.7268619537353516
                ],
                [
                    0.0,
                    0.9490917325019836,
                    0.3150002360343933,
                    1.2698062658309937
                ],
                [
                    0.0,
                    0.0,
                    0.0,
                    1.0
                ]
            ]
        },
        {
            "file_path": "./train/r_37",
            "rotation": 0.012566370614359171,
            "transform_matrix": [
                [
                    -0.18962833285331726,
                    -0.2348289042711258,
                    0.9533607363700867,
                    3.8431196212768555
                ],
                [
                    0.9818562865257263,
                    -0.045353081077337265,
                    0.1841249018907547,
                    0.7422311305999756
                ],
                [
                    0.0,
                    0.9709782600402832,
                    0.23916837573051453,
                    0.9641184210777283
                ],
                [
                    0.0,
                    0.0,
                    0.0,
                    1.0
                ]
            ]
        }
    ]
}
